["```py\nfrom datetime import datetime\n\nimport pandas as pd\n\ndf = pd.DataFrame(\n  [\n    (1, 'A', True, datetime(2018, 12, 27), 158, None),\n    (2, 'B', False, datetime(2019, 11, 15), 10, 76.3),\n    (3, 'A', True, None, 210, 78.1),\n    (4, 'F', None, datetime(2022, 10, 5), 679, 54.1),\n    (5, 'F', False, datetime(2021, 10, 10), 765, 21.1),\n    (6, 'F', True, datetime(2021, 7, 23), 132, 4.5),\n    (7, 'C', False, datetime(2017, 4, 5), 45, 5.6),\n    (8, 'B', False, datetime(2016, 3, 4), 67, 6.7),\n    (9, 'A', True, datetime(2019, 4, 5), 786, 78.1),\n    (10, 'C', False, datetime(2023, 1, 1), 78, 89.2),\n  ],\n  columns=['colA', 'colB', 'colC', 'colD', 'colE', 'colF']\n)\n\n>>> df\n   colA colB   colC       colD  colE  colF\n0     1    A   True 2018-12-27   158   NaN\n1     2    B  False 2019-11-15    10  76.3\n2     3    A   True        NaT   210  78.1\n3     4    F   None 2022-10-05   679  54.1\n4     5    F  False 2021-10-10   765  21.1\n5     6    F   True 2021-07-23   132   4.5\n6     7    C  False 2017-04-05    45   5.6\n7     8    B  False 2016-03-04    67   6.7\n8     9    A   True 2019-04-05   786  78.1\n9    10    C  False 2023-01-01    78  89.2\n\n>>> df.dtypes\ncolA             int64\ncolB            object\ncolC            object\ncolD    datetime64[ns]\ncolE             int64\ncolF           float64\ndtype: object\n```", "```py\ndf.to_csv('output_df.csv')\n```", "```py\n,colA,colB,colC,colD,colE,colF\n0,1,A,True,2018-12-27,158,\n1,2,B,False,2019-11-15,10,76.3\n2,3,A,True,,210,78.1\n3,4,F,,2022-10-05,679,54.1\n4,5,F,False,2021-10-10,765,21.1\n5,6,F,True,2021-07-23,132,4.5\n6,7,C,False,2017-04-05,45,5.6\n7,8,B,False,2016-03-04,67,6.7\n8,9,A,True,2019-04-05,786,78.1\n9,10,C,False,2023-01-01,78,89.2\n```", "```py\ndf.to_csv('output_df.csv', sep='\\t')\n```", "```py\n colA colB colC colD colE colF\n0 1 A True 2018-12-27 158 \n1 2 B False 2019-11-15 10 76.3\n2 3 A True  210 78.1\n3 4 F  2022-10-05 679 54.1\n4 5 F False 2021-10-10 765 21.1\n5 6 F True 2021-07-23 132 4.5\n6 7 C False 2017-04-05 45 5.6\n7 8 B False 2016-03-04 67 6.7\n8 9 A True 2019-04-05 786 78.1\n9 10 C False 2023-01-01 78 89.2\n```", "```py\ndf.to_csv('output_df.csv', index=False)\n```", "```py\ncolA,colB,colC,colD,colE,colF\n1,A,True,2018-12-27,158,\n2,B,False,2019-11-15,10,76.3\n3,A,True,,210,78.1\n4,F,,2022-10-05,679,54.1\n5,F,False,2021-10-10,765,21.1\n6,F,True,2021-07-23,132,4.5\n7,C,False,2017-04-05,45,5.6\n8,B,False,2016-03-04,67,6.7\n9,A,True,2019-04-05,786,78.1\n10,C,False,2023-01-01,78,89.2\n```", "```py\ndf.to_csv('output_df.csv', index=False, header=False)\n```", "```py\n1,A,True,2018-12-27,158,\n2,B,False,2019-11-15,10,76.3\n3,A,True,,210,78.1\n4,F,,2022-10-05,679,54.1\n5,F,False,2021-10-10,765,21.1\n6,F,True,2021-07-23,132,4.5\n7,C,False,2017-04-05,45,5.6\n8,B,False,2016-03-04,67,6.7\n9,A,True,2019-04-05,786,78.1\n10,C,False,2023-01-01,78,89.2\n```", "```py\ndf.to_csv('output_df.csv', index=False, header=False)\n```", "```py\ncolA,colD,colF\n1,2018-12-27,\n2,2019-11-15,76.3\n3,,78.1\n4,2022-10-05,54.1\n5,2021-10-10,21.1\n6,2021-07-23,4.5\n7,2017-04-05,5.6\n8,2016-03-04,6.7\n9,2019-04-05,78.1\n10,2023-01-01,89.2\n```", "```py\ndf.to_csv('output_df.csv', index=False, date_format='%d/%m/%Y')\n```", "```py\ncolA,colB,colC,colD,colE,colF\n1,A,True,27/12/2018,158,\n2,B,False,15/11/2019,10,76.3\n3,A,True,,210,78.1\n4,F,,05/10/2022,679,54.1\n5,F,False,10/10/2021,765,21.1\n6,F,True,23/07/2021,132,4.5\n7,C,False,05/04/2017,45,5.6\n8,B,False,04/03/2016,67,6.7\n9,A,True,05/04/2019,786,78.1\n10,C,False,01/01/2023,78,89.2\n```", "```py\ndf.to_csv('output_df.csv', index=False, na_rep='N/A')\n```", "```py\ncolA,colB,colC,colD,colE,colF\n1,A,True,2018-12-27,158,N/A\n2,B,False,2019-11-15,10,76.3\n3,A,True,N/A,210,78.1\n4,F,N/A,2022-10-05,679,54.1\n5,F,False,2021-10-10,765,21.1\n6,F,True,2021-07-23,132,4.5\n7,C,False,2017-04-05,45,5.6\n8,B,False,2016-03-04,67,6.7\n9,A,True,2019-04-05,786,78.1\n10,C,False,2023-01-01,78,89.2\n```", "```py\ndf.to_csv('output_df.csv', index=False, compression='gzip')\n```", "```py\ndf.to_csv('output_df.csv', index=False, encoding='utf-8')\n```"]